  -1.1201193e-01  -5.8826245e-01
   4.8874473e-01   4.3412440e-01
   4.6440780e-01   3.1895765e-02
   2.5870674e-01   3.4099577e-02
   7.7629762e-01  -3.7630213e+00
   3.9653755e-01   3.4485209e-01
   3.6947369e-02  -4.6536040e-01
  -2.2556596e-01   8.9926879e-02
   4.2635053e+00   9.8983425e-01
  -1.1475811e+00   3.9855854e+00
  -3.3160053e+00   3.1655928e+00
   1.2995640e-02  -5.5642050e-01
  -1.6497379e-01   3.6276080e-02
  -2.2614827e+00  -4.4232121e+00
  -4.3893296e-03  -4.8902135e-01
   4.8250621e+00  -2.0035177e+00
  -7.1524960e+00  -7.2646351e+00
   5.6239220e+00   7.2733637e+00
  -3.3484636e-02   2.7208836e-01
  -4.7716230e+00  -3.3802469e+00
  -5.4283148e-02  -7.6211803e-01
  -1.3380524e-01  -5.0666959e-01
  -1.3139132e-01  -6.7555837e-01
  -3.8173562e-01  -4.2346600e-01
   3.6973435e+00   1.9023384e+00
   3.2978945e-01   1.3077101e-01
  -7.3387838e-01   6.9017235e-01
   2.5058311e+00   3.3933442e+00
   3.3457893e+00   1.3498760e-01
  -2.3354375e+00   5.3817713e-01
   4.0089628e-01  -3.1165659e-01
   9.2966486e-04  -1.4146262e-01
   1.7172695e-01   3.5154746e-01
  -1.8698465e+00  -4.9495237e+00
   3.2767661e-01  -1.4896728e+00
  -8.2407837e-02  -3.0282297e-02
  -2.3019560e+00  -2.1434191e+00
   6.4416802e-01  -7.9249648e-02
  -1.5643167e-01  -4.7605228e-01
  -6.6089368e-01  -3.1844322e+00
  -1.5748374e+00   4.0793574e-01
   8.7420693e-01  -2.0180130e-01
   3.3065948e-01   1.9424876e-01
   4.4650342e-01   3.2362186e-01
   2.6640991e-01   4.0757984e-01
   3.1339488e-01  -2.3769126e-01
   7.7244863e-02  -2.2344369e-01
  -3.3640032e-01  -4.5180563e-01
  -3.2292685e+00  -2.6191563e+00
  -5.2846299e-01   4.4582399e-01
   1.5053629e+00   4.4089569e+00
   6.7350947e-02   1.6553619e-02
  -6.1308412e-01   4.2514319e-01
   4.7934802e-02  -2.1779327e-01
  -7.7302045e-01   3.1920900e-01
  -1.5379220e+00  -1.2010701e+00
   2.1497744e-01   2.0922758e-01
   4.1087603e+00   4.7282180e+00
   2.2035148e+00  -5.1001501e+00
  -2.1563145e+00   5.0141820e+00
   7.0614419e-01   1.9069481e+00
  -2.6032360e+00  -3.8411414e+00
  -1.7383691e-01  -2.3258589e-01
  -7.4294062e+00  -2.6094438e+00
  -9.6353585e-02   1.6300625e-01
  -2.8008657e-01  -1.6292160e-01
  -2.4277297e-01   9.1628963e-01
   1.0389164e-01  -7.4447960e-01
   1.5484001e-01  -1.5192169e-01
  -4.3284362e+00  -6.0926307e+00
   3.9347905e+00   1.3892602e+00
  -1.7056473e+00  -1.1605827e+00
  -6.3539869e+00  -4.0364702e+00
  -2.0053140e-01  -3.0840446e-01
   2.8981637e-01   1.2693813e-01
   2.3633444e+00   2.3818195e+00
  -2.8667425e+00   1.5137577e+00
  -2.0412779e+00   1.2618216e+00
   2.1586109e+00  -1.2541059e+00
  -4.0134618e-01  -1.1644506e+00
  -2.8069582e+00  -2.1862271e+00
  -3.5731243e-01  -3.8136785e+00
   5.1583165e-01  -3.6504991e-01
   7.9845803e-03  -1.1584209e-01
  -4.2407845e+00   4.4502781e-01
  -1.6810958e+00  -3.9526682e+00
  -7.2878890e+00  -4.4441250e+00
   1.8028114e+00  -4.6575030e-01
  -3.6695484e+00   1.8724321e+00
  -9.5926980e-02   3.7411889e-01
   2.5062126e+00  -2.9064625e+00
   2.3984922e-02   1.1051005e+00
   1.9533580e-01   1.5299101e-01
  -5.6853075e-01   1.6482119e+00
  -8.8400409e-02  -8.4251882e-01
  -1.2644485e-01   1.6058147e-01
   1.0963775e+00   4.9593071e-01
   2.6613074e-01   4.8300401e-01
  -3.7223933e+00  -7.7666397e-01
  -2.9849776e+00   2.5400428e-01
   3.4533613e-01   4.5590861e-01
  -4.6159161e-01  -3.0781985e-01
   6.5007314e-01   6.4067020e-01
  -8.0878523e-01  -3.6199620e-01
   7.5232746e-01   1.3587682e-02
  -7.0416892e-01  -9.1834963e-01
  -8.1447603e+00  -3.8960776e+00
  -6.4838542e-01   2.3111567e-01
   1.1124738e-01   8.6642412e-02
   1.6772910e-01   1.3340897e-01
  -2.2448802e+00  -7.2555800e+00
  -3.8031257e+00  -3.5105572e+00
  -3.2140876e-01  -5.8238574e-01
  -3.4093520e+00   1.3836036e-01
   2.2933720e+00  -1.4768084e-01
   5.0257886e-01   1.4150212e-01
   8.6825382e-01   3.9969207e-01
  -1.9434142e+00  -1.6456799e+00
  -4.3857921e+00  -7.0318658e+00
   2.6308197e+00   5.6303789e-01
  -2.9927290e-01  -3.0836581e-01
  -1.4039275e+00  -2.4272330e-01
   2.7494169e+00   2.1001754e+00
   1.9744543e-02  -3.4313285e-01
   9.3114940e+00   5.8285470e+00
   9.0054743e-02   3.6811736e-01
   1.7800089e+00   1.9497530e+00
   6.4421731e-01  -6.0212271e-01
   4.1452806e-01   1.5123397e-01
   4.1817482e-01  -2.2345294e+00
  -6.0482746e-01   4.8736569e-01
  -2.3344216e-01   9.4958185e-02
  -3.1559882e+00  -5.7829987e+00
  -6.0472268e-02   6.6955597e-02
  -1.1588378e+00  -1.2510495e+00
  -5.9502343e-01  -4.3737612e+00
  -2.5844433e-01  -5.1585253e-01
   2.4976651e-01   7.9227217e-01
  -4.2100568e-01   3.7546445e-01
   4.1873566e-01  -1.1997087e-01
   2.4068669e-01  -8.9669556e-01
   6.1334942e-02   1.0237732e-01
  -3.9443823e-01  -2.2374882e+00
   1.5745339e-01   2.4822577e+00
  -4.7704314e-01   1.1154809e-01
   1.4756232e+00   1.1218546e-01
   6.1931714e-01   2.2194179e-01
   2.7638553e-01  -7.8799747e-02
   3.4489404e-02  -1.6762998e+00
   3.9796657e+00  -1.2714520e+00
  -3.7804696e+00  -3.1449324e+00
   3.7083348e-01  -9.2467078e-01
   3.6203867e+00  -2.1536458e+00
   3.6304466e+00  -1.7202939e+00
  -4.1077589e-01  -1.0183865e+00
  -1.4164039e-01   4.9665031e-03
  -8.6952147e+00  -3.6906639e+00
  -1.3083772e-01   2.5983970e-01
  -1.7693296e+00  -2.8617608e+00
  -4.0342521e-01  -1.0594890e-01
   4.0508208e-01  -1.3691813e-01
   5.0364431e-02  -5.8505186e-01
   5.6082930e+00   2.7552928e+00
   6.3689429e-01  -2.5237561e+00
  -1.4845215e-01  -1.6435398e-01
  -1.2015917e-01   1.8368794e-02
   6.9757688e-02  -1.5159452e-01
   6.1415992e-01   4.2011458e-01
   8.7868499e-01  -1.6155304e+00
   1.5472961e-01   3.4414769e-01
   8.5763831e-02  -7.5435365e+00
   9.4623553e-01   3.1906240e+00
  -4.0130209e-01  -1.2554357e-01
   4.1150624e+00   9.2523429e+00
   3.4711041e-01   6.7622403e-01
  -5.9012894e+00   1.5816032e+00
   6.2895048e-01  -2.5053377e-01
  -2.2783230e-01  -5.2246568e-01
   7.0057330e+00   5.1597262e+00
   4.2242795e-01  -7.1171965e-01
  -3.1484053e-01  -4.6081587e-01
  -9.8536290e-01  -3.4171322e+00
  -2.9048507e-01  -1.1340393e-01
   1.3843208e+00   6.7511344e+00
  -1.2703883e+00  -1.1350857e+00
   5.6537833e+00   4.6114688e+00
  -5.1981406e+00  -2.3823063e+00
  -3.1822597e-01   1.8773753e-01
   1.1608581e-01  -5.9525559e-01
   3.9697613e+00   2.6676282e-01
  -3.9642342e-01  -1.9075848e+00
  -6.1815202e-01   2.4196319e+00
  -4.8367715e+00   3.1640315e+00
   1.4774939e+00   4.4987760e+00
   3.3978818e-01   7.0190671e-01
   3.0000682e-01  -7.4115722e-01
  -2.1494917e-01  -3.1311701e-01
  -8.4814184e-02   1.6447094e+00
   3.6475585e-01   2.5180215e-01
   8.2187955e-01  -7.2751315e-01
   3.6692049e-01  -6.1892505e-01
  -7.2277033e-01   5.3667137e-01
  -2.7688366e-01  -4.1224597e-01
  -7.7996998e-01  -2.4223407e-01
  -5.9570587e+00  -2.8149977e+00
  -1.8530518e+00  -1.9079001e-01
  -2.8460735e+00  -3.7204693e+00
   2.7870719e+00  -1.3281575e+00
   1.0645164e-01   3.6474093e-02
   1.7236312e+00   2.8540575e+00
   1.6744964e+00   3.9720912e+00
   7.5225126e-01   2.2082766e+00
   5.4357060e-01  -1.3807236e-01
  -1.2639251e-01   8.2238021e-01
  -4.2780761e-01  -1.9914842e-01
  -9.0222142e-01   9.9338638e-01
  -5.1169272e+00  -2.7355879e-01
   3.1507809e+00   4.4036645e+00
   1.7533429e-01  -8.7492810e-02
  -3.4067211e+00  -7.6564025e+00
  -2.2290649e+00  -5.0512625e+00
  -4.6929732e-01  -3.6890741e-01
  -2.8812580e-02  -4.1292710e-01
   1.2095485e+00   3.4248485e+00
   7.6313072e-01  -1.7038196e+00
  -1.0184174e-01   8.3085563e-01
  -6.2388207e-01  -2.0737851e+00
   1.6917945e-01  -9.4280789e-02
  -1.0664948e+00  -2.5785585e+00
  -3.9854766e-01   4.3500817e-01
   5.5497374e+00  -3.6044516e-01
   2.0346775e+00   3.8580258e+00
   2.4441605e+00  -1.2744314e-01
   3.3075833e-01   7.9743054e-01
  -5.7305400e+00  -7.4347833e+00
   4.1172120e-01  -2.2931463e+00
  -4.9611932e-01  -1.9523480e+00
   2.0559658e-01   5.6539488e-01
  -5.3964009e-01   1.0964891e+00
   7.1695145e-01  -1.9680914e-02
   3.8796678e+00   5.2273295e+00
   3.6716504e-01   6.3418055e-01
  -1.2850619e-01   1.8947751e-01
   2.0531458e+00   2.2420647e+00
   7.9874601e-01   4.4124133e-01
  -6.5043818e+00  -3.9696692e+00
  -2.4056178e-01  -3.6093886e-01
  -4.5719635e-01  -4.7795794e-01
  -1.9037948e-01  -1.7095993e-02
  -8.4658809e-01   3.4561469e-01
  -2.2533435e-01   6.8506802e-01
   1.5713188e-01   1.4379161e-01
  -4.1073209e+00  -2.1941206e+00
   6.0825467e-01   9.2474143e-02
  -4.0349131e+00   9.9074738e-02
  -1.7175233e-01   9.5974138e-01
   2.5832747e+00   1.4391341e+00
   8.1042338e-02  -1.8184926e+00
  -5.7090971e-01  -2.4638855e+00
   2.2284771e-01   1.1125401e+00
  -6.6871235e-01   5.9899088e-02
   1.3651531e+00  -4.5310780e-02
   9.5205492e-02   8.5478458e-01
  -1.2694426e+00   2.4616439e-01
  -5.0184043e-01   4.9255296e-01
  -3.7479675e+00   4.2449570e+00
  -7.1942914e-01  -1.5020861e-01
   7.3567549e-01  -2.3639648e-01
  -2.4100943e-01  -4.8838882e-01
  -6.5618166e-01   7.5578080e-02
   3.9610846e-03   1.2130777e-01
   7.7787899e-01  -7.9727704e-02
   3.2746227e+00  -1.1528382e+00
  -2.4789814e+00  -6.6821137e+00
  -1.7598441e-01  -1.8920070e+00
  -1.7741389e+00  -5.2967062e+00
  -1.2637615e-02   2.4175547e-02
  -4.2194671e-01   3.6550406e-01
   1.6421074e+00  -1.0237179e-01
  -2.1516679e-02   2.8510974e-01
  -5.4074891e-01   4.4162232e-01
   4.5964707e-01  -2.1124938e-01
  -3.1889136e-01   4.8008783e-01
   1.2805073e-01   4.3950393e-01
   1.9168428e-01   3.8190704e-01
   2.4819792e+00   2.1850423e+00
   4.5157714e+00   1.2305006e+00
   3.1612890e-01   1.1136522e+00
  -2.2451796e-01   2.0877727e-01
  -1.2358422e-01   1.5925192e-01
  -5.1940666e-01   5.6047765e-01
  -8.5166355e-01  -5.0258272e+00
  -8.1324153e-02   1.1133453e-01
   5.4264902e-01  -2.5736400e+00
  -3.4627629e-01  -6.5924405e-02
   5.7910886e+00   2.1355561e+00
   3.4304474e-01  -8.5498264e-01
  -2.1520968e-01   2.6548018e-01
   9.7043935e-02   2.3576269e-01
   1.3043459e-01  -1.6809805e-01
   1.4808775e+00  -2.4983409e+00
  -6.4083734e-01  -6.7513894e-01
   5.6540654e-03  -1.1553624e-01
  -6.9709164e-01  -3.0379170e-01
   5.2010210e-01  -9.7802139e-01
   1.6644205e-01  -4.8000396e-02
   7.5557731e-02  -5.4295175e-02
   2.4735039e+00   3.5340364e+00
  -5.6846834e+00  -7.6832104e+00
  -1.6217373e-01   3.9388329e-01
   5.3071580e-01  -3.3435583e-01
   1.3057548e+00  -2.8161670e+00
   2.8970698e+00  -1.2853853e+00
   4.4941032e-01  -8.2931441e-02
   2.3287600e-01   2.0034171e-01
   7.4856653e-01  -7.5429997e-01
  -1.0041054e-01   5.5745966e-05
   4.6447689e-01   3.7125335e+00
   1.9629650e-02   1.5352769e-01
   3.4283999e-01  -5.7131300e-01
   2.8217788e+00  -1.9433149e+00
   1.4704670e-01  -2.4235478e-01
   9.3123413e-02  -1.4033100e+00
   1.3984786e-01   6.2384901e-02
  -5.3100933e-01   8.4324875e-02
   1.0536194e-01  -4.7406063e-01
  -2.1521217e-01   2.4419948e-01
   1.1669441e+00   3.2939292e-02
  -2.8351256e-01  -3.3330207e+00
  -3.6352604e-01   1.8256290e-01
  -6.9229888e-01  -2.2406337e-01
  -3.5702488e-01   6.2472885e-01
   1.1289678e-01   4.9036219e-02
  -2.1788400e+00  -2.6190943e+00
  -1.2729258e+00   1.5355250e+00
  -6.2103757e-02  -9.2040034e-03
   3.7285535e-01   4.9630095e-01
  -2.1199002e-01  -4.1603602e-01
  -2.8900353e-02  -2.4536373e-01
  -3.2981712e-02  -1.7074921e-01
   1.2729707e+00   2.5096733e-01
  -5.8942572e-01  -4.5351341e-01
   4.9790540e-01   4.2141229e-02
   8.5707938e-02  -3.3739389e-01
  -1.1797255e-02   6.8159963e-01
  -3.5031527e-02   2.7900920e+00
   6.2727208e-02   6.1393711e-01
   2.9613443e-01  -3.6346906e+00
  -2.8701145e+00   3.2514737e+00
  -3.7305277e-01  -7.9580051e-02
   4.6386597e-01   8.0195128e-02
   5.3561834e-01  -4.9655720e-02
   3.6559716e-01  -3.0492619e-01
   9.8303175e-02  -6.3839759e-01
   5.6397509e-01   5.0964162e+00
   4.3605399e-01   3.7242545e-02
  -1.6332087e-02  -1.5414465e-01
  -9.2072361e-01   1.7746872e+00
   1.9273969e-01  -2.9424538e-01
   4.7358574e+00   1.6056016e+00
   4.7546445e+00   3.8927555e-01
  -1.0487561e+00   1.0065044e+00
   6.2700510e-01  -2.5351387e-01
  -2.0162292e-01  -1.6496493e-01
   2.9340984e-01  -5.3850808e-01
   1.3302340e-01   3.8993977e-01
  -5.1418744e-01  -2.1622364e+00
  -2.4029349e+00  -2.2919954e+00
  -1.1780321e+00  -2.9813791e+00
   2.0199933e+00   7.5440510e-01
  -8.7127488e-01  -4.2032992e-02
   5.3878373e-01  -4.1949838e+00
   6.7207124e-01  -1.0331460e-01
   4.5361346e-01   6.5824071e-01
  -3.5740981e-02   4.0231665e-01
  -4.5862897e+00  -2.5584155e+00
  -7.3594694e-01  -4.9716481e-01
  -8.7754630e-01  -6.4183228e-01
  -1.2593792e+00   3.9614626e+00
   4.7549674e-01  -8.4264192e-02
  -3.0509501e-01   3.0376814e-01
  -4.8732427e+00  -4.0479308e+00
  -5.5808195e-01   1.3028097e-01
   6.3947943e-01   5.7836216e-01
  -5.5827036e-01  -2.3816511e+00
  -1.8840952e-01   2.7189911e+00
  -4.0988079e+00  -1.7019925e+00
   3.6878463e+00   1.4662936e+00
   4.7562370e-01  -1.0122717e+00
  -4.1056543e+00  -4.2751801e+00
  -3.1932395e-01  -2.8329539e-01
  -1.5511779e-01  -1.0034941e-01
  -4.6454403e-01  -1.5690966e-01
  -4.9965853e+00  -6.0103100e-01
   1.8691269e+00  -2.7069046e+00
  -1.7741626e-02   1.1474977e+00
  -3.9225549e+00  -3.1993668e+00
   3.5657553e-01   1.9141317e-01
   3.9148745e-01   1.0609519e-01
  -6.5129876e+00  -7.4798538e+00
   4.6530245e-01   3.7636748e+00
   9.1850807e-01  -2.9320091e+00
  -1.3365602e-01   8.1977928e-01
  -1.5549649e-01  -4.1106433e-01
   4.6765203e-01  -7.0599644e-01
   2.9735267e+00   6.4260238e+00
   5.1817010e+00   2.1675779e+00
   3.7093192e-01  -9.2384546e-02
  -1.1820879e+00   1.7069003e+00
  -3.3087698e-01   7.1580587e-01
   6.4604696e-01   4.1835861e-02
   1.4176148e+00  -2.0436474e+00
  -3.9442296e-01   5.0579710e-02
   4.4100674e+00   4.4056333e+00
  -1.8497290e+00   6.8479684e-01
   1.5331044e+00   2.2399291e+00
  -4.2479478e-01  -4.8972989e-01
   4.8890055e-01   3.0436044e+00
   6.2219058e-01  -1.2907507e-01
   7.8848048e-03  -2.5263644e-01
   4.6916436e-01  -4.4882296e-01
  -1.5471888e+00  -9.5471859e-01
  -3.6949065e+00   8.1202500e-01
  -4.6323311e+00  -1.8287657e+00
   3.3304468e+00   1.8665596e-01
  -2.9052407e-01  -7.3875580e-01
  -2.4725933e+00   3.1882325e+00
   2.3019243e+00   3.4172314e+00
  -3.5747092e-01   6.0437583e-01
   1.8033986e-01  -2.1332970e-01
   2.6149868e+00   3.2579241e+00
   3.8552043e+00   6.1780368e+00
   6.8534009e-01  -1.2915201e-01
  -1.1889039e+00   4.8497975e-01
   5.0498127e+00  -1.1574542e+00
  -2.4130125e+00   1.5191297e-02
  -3.6908943e-02   6.4034983e-01
   3.3452653e-01  -2.0896340e+00
  -6.5261357e-01   2.4106201e-02
  -1.5313707e-01  -3.0648891e-01
  -1.7673620e-01  -3.5644373e-01
  -4.4843159e-01   7.6747200e-02
   3.1830666e+00   6.0537562e-01
  -1.5529491e-02   1.8649162e-01
   3.1380430e-01  -9.5860507e-01
   7.3846593e-01  -2.4352146e+00
  -2.5229475e+00  -2.6954786e+00
  -6.0213342e-01  -1.3792458e+00
  -1.0407801e+00  -6.8920883e-01
   4.2817046e+00   9.7221500e-01
  -8.2037990e-02   5.6271094e-01
   2.6958440e-01  -1.5882796e-01
  -2.6126095e+00   1.5209970e+00
  -1.7126160e-01   7.7132024e-01
  -5.7567399e-02  -4.3715258e-01
  -3.2800616e-02  -9.1630969e-01
   5.0519632e-01   1.9712924e+00
   1.8586628e+00  -3.3330412e+00
  -4.2517155e+00  -8.5857893e+00
  -5.6152127e-02   7.0043286e-01
   6.8745030e-01  -8.7370020e-03
  -3.6992850e-01  -3.4959027e-01
  -1.8322433e-01  -3.6216387e-03
  -3.8173204e-02  -3.6014514e-01
  -1.4117173e-01  -1.4767583e+00
  -3.3050485e-01   3.0468620e-01
   4.2578954e+00   9.7808004e-01
  -1.4739925e-01  -9.9272300e-01
  -4.7788888e+00  -1.1699514e+00
  -4.8345028e-01  -4.1296522e-01
  -3.8300802e+00  -5.1983785e+00
   5.3218962e-02   2.3819788e+00
  -5.5596962e-01  -3.8500570e+00
  -1.1773687e-01   2.1587693e-01
  -1.0479804e+00   5.8448940e+00
   3.4768045e+00   1.7767889e+00
  -2.8416713e-02   6.8801725e-01
   7.9920042e-01   2.0299319e+00
   3.6174571e-01  -3.1971871e-01
  -7.7652433e-02  -1.2581231e-01
   1.7136013e+00   3.3157272e+00
  -2.3727951e-01  -4.2500667e-01
   2.9334617e+00   2.8376616e+00
   1.5967331e-01  -2.8097106e-01
  -4.7247366e-01  -5.7637862e-02
  -7.8566545e+00  -5.1494694e+00
   3.8325367e-01   1.5561629e-01
  -1.5788489e+00  -2.2581751e+00
   2.5022922e+00  -2.2949235e+00
   1.1122105e+00   3.4246386e+00
  -3.7399380e-02   2.2941759e+00
  -9.0723244e-02   1.0690584e-03
   4.4194677e-01   2.8086153e-01
   4.0534696e+00   4.7929975e+00
  -1.8075849e-01  -3.4331936e-01
   3.8184204e-01   5.0550546e-01
   8.0547861e-01   1.0376336e-01
  -1.2296948e-01  -3.2323615e-02
   8.2801323e-01   1.8196973e-01
  -8.1594267e-01  -4.8960635e-01
   5.2852156e-01   1.0672300e+00
   5.3734534e+00   1.2594171e+00
  -2.6237492e-01   1.5895875e-01
  -2.6078001e+00   1.4322921e+00
  -2.4116301e+00  -5.8164186e-01
   1.6438035e+00   6.4720761e+00
   2.4237006e+00   1.4233997e+00
  -7.4731648e-01   2.1650188e+00
   4.6045680e+00   6.7370255e+00
   1.6079150e+00   8.5249625e-01
  -3.8027830e-01   4.8381507e-01
  -4.5867658e-01   5.1902185e-01
  -2.6565082e-01  -8.4119952e-02
  -2.3301352e-01  -6.8119967e-01
   1.3887812e+00   1.4944580e+00
  -1.7677205e+00   3.6008383e+00
   3.8941366e-01  -1.5024047e-01
  -7.0788577e-01  -3.8124197e+00
   5.8899647e+00   1.7801770e+00
  -1.3813394e-01  -4.5805683e-02
  -7.5477818e-01   7.5342828e-01
  -1.4957204e+00   4.3679198e+00
   6.1909259e-01  -1.1728444e-01
   2.6153733e+00   5.3171477e+00
   6.8959175e-02  -4.8085233e-01
   1.9875421e+00  -1.2518504e-01
  -3.3019708e+00  -2.8004623e+00
  -6.2005469e-01   3.6600947e-01
  -3.0104687e+00   1.5867422e+00
   1.1598976e+00  -1.4910824e+00
   1.3692481e-01   3.5737198e-01
   3.1976378e+00  -1.7192335e+00
   3.2501706e+00   3.7896599e+00
   1.1528525e-01   7.6688901e-01
  -6.8560496e-01  -1.3841185e-01
  -3.1201113e-02   1.3356973e-01
  -1.6942609e-01  -8.3361151e-02
  -1.1573015e-01   8.1519736e-02
   1.1560491e-02   1.0748427e+00
  -3.5410122e+00  -3.4750250e+00
  -6.8105022e-01   3.9982871e-01
  -2.4966027e-01   5.9364239e-02
  -5.9059643e-01  -7.8891622e-01
   1.1032620e-01   8.5929316e-01
   1.1134840e-01  -3.4811865e+00
   5.8092612e-01   7.1612754e-02
   2.9319530e-01   5.1626669e-01
  -4.3152376e+00  -3.4359119e+00
  -2.9286754e+00  -7.7813855e-02
   7.3330898e-01  -2.3962769e-01
  -3.9005298e-01   1.4664749e+00
   8.8957612e-01   2.6355859e-01
  -1.8337157e+00   4.0920823e-01
  -8.2998714e-01  -2.7299978e-01
   1.5485368e+00   3.4330071e+00
   1.0104103e-01  -1.4664775e-01
   1.7872798e+00   1.8164218e+00
   2.3077537e+00  -6.8783695e-01
  -5.2708361e-01   1.1261452e+00
  -9.9300400e-01   3.1307764e+00
  -3.8303612e+00  -2.9655106e+00
   7.3994591e+00   1.1844212e+01
   3.0989410e-01   8.1669679e-01
   5.0922176e-01  -2.9522708e+00
  -1.3825695e-02   2.9413997e-02
   4.6293140e-03  -2.7650192e+00
  -8.9903294e-02   4.5121611e-01
  -5.8918911e-01  -6.1381168e-01
  -1.5911713e-01  -3.6914548e+00
   6.9342383e-02  -6.6015788e-01
   2.8736081e+00  -1.5007411e+00
  -2.7960975e-01   5.1310055e-01
  -5.6903780e-01   1.6418975e-01
  -2.9793369e+00  -1.1687999e+00
  -3.1628502e-01  -2.1403601e-01
  -2.7532880e-01   1.1598930e+00
  -4.0388615e-01  -1.1190479e+00
   2.4888868e+00   2.2431612e+00
  -1.8382804e+00  -7.9500812e-01
   6.5672553e-03   4.2047836e-01
   8.0772201e-02   2.5741073e-01
   1.9516802e-01  -2.7419681e-02
  -4.6502712e+00  -5.3397574e+00
   3.8782889e-01   3.2330238e-01
  -1.7169200e+00  -1.4385605e+00
  -5.3606784e+00   1.0243342e+00
  -7.1916030e-02   4.4447372e-01
  -1.0732729e+00  -3.5588000e-01
  -6.8754435e-01   1.2242511e-01
   4.0506437e-01  -1.0274690e+00
  -4.3663458e-01  -1.5525446e+00
   3.9808588e-01   2.4320748e-01
  -8.4262833e-01   6.8402768e-01
   4.6454419e+00   5.9125709e+00
   1.8584915e-01  -1.6786472e-01
  -4.4298212e-01  -1.1372684e-01
  -2.0924599e+00  -1.3212298e+00
   2.7575065e-01  -6.4494764e-02
   1.5665622e+00  -1.2680454e+00
   3.5024073e-01   6.2398974e-01
  -1.4383677e+00  -4.1091631e+00
  -1.7342006e-01  -1.6082784e-01
  -8.0669334e-02   7.1963405e-01
   6.4679025e-02   6.9373733e-01
   1.4609643e+00  -9.8196667e-01
  -8.9299604e-01  -4.4228770e-01
   2.8104364e+00  -2.0647660e-01
   2.2197807e-01   4.0748232e-01
   1.1324067e+00   1.1646715e+00
   7.2168113e-02   4.9790540e-02
  -6.6475917e-01  -4.6160686e-01
  -3.2331849e-01   2.9476148e+00
   9.8417480e-01  -5.4583752e-02
   4.2442555e+00   9.4061904e-01
   9.5700708e-01  -9.8954278e-01
   2.8026896e-01  -7.3611379e-01
  -3.2159754e+00  -2.6152355e+00
  -1.7971782e+00   2.1546112e+00
   3.3337070e-01  -5.6604826e-01
  -8.5254074e-02   4.4338633e-01
  -3.3439918e-01   4.8275453e+00
   2.9637912e-01   1.6212246e-01
   6.2201402e-01   2.2559397e-01
   1.2506196e-01  -2.1839563e+00
  -5.6369036e-01  -2.8034943e-01
   8.3485232e-01   5.7474430e-02
  -2.6068673e-01   7.1503284e-01
   5.3792090e+00   3.6681075e+00
   3.4790858e-01  -3.6096997e-01
   1.8559255e-01   1.3553127e-02
   5.5005499e+00   1.8658776e+00
  -3.7051539e+00   4.0476959e-01
   5.9322488e+00   2.1782684e+00
  -1.2341019e-01   2.0795249e-01
  -2.4507068e+00   5.0920241e+00
   3.6140490e+00   5.6191200e-02
   2.0110190e+00  -5.6918035e-01
   5.2932189e-01   5.5109604e-01
   5.0056010e-01   2.6112097e-01
  -4.7484210e+00  -1.2747127e+00
  -1.6426191e+00  -1.4551625e+00
   3.8107433e+00   4.6749061e+00
  -1.2771305e+00   5.9588839e-01
   4.6518346e-01  -5.0137036e-01
   6.3423733e-02  -1.9910982e-01
   2.6175972e-01  -3.0203590e-01
   5.7352664e-01  -6.7516961e-01
   5.9525645e-01  -9.2970884e-03
  -3.6445103e-01   8.8077348e-02
  -3.7364577e+00   1.9644288e+00
   3.1986098e-02   1.0541410e-01
  -5.0937555e-02  -1.2502537e+00
  -4.6103937e-02   8.4924939e-01
   1.9166846e+00  -2.9961336e+00
   4.3239512e-02  -4.6269480e-01
   2.0805685e+00   3.7320430e+00
   3.4854661e+00   4.2245283e+00
  -2.4185616e-01   3.2424350e-01
  -8.7782403e-01   5.5762707e-01
  -3.4310103e+00  -8.2154547e-01
   2.5328610e-02   9.8573452e-02
  -4.4623263e+00  -3.0058483e+00
   3.6097065e+00   1.2903200e+00
  -3.6268019e-01   7.5639284e-02
  -6.1165080e-01  -6.1679934e-01
   2.1054616e-01   3.0372036e-01
   7.8829294e-02  -1.9997111e-02
  -6.7046033e-01   1.3706195e-01
  -3.5418508e+00  -4.3101551e+00
   2.8630106e+00   4.7206115e+00
   4.9578350e+00   6.3848477e-01
  -2.1414662e+00  -1.5116368e+00
  -1.3793515e+00   5.4786149e-01
   7.7615733e-02  -1.7761070e-01
   1.7752388e+00  -3.7570136e-01
   6.1373409e+00   5.3975918e+00
  -2.3691395e+00   4.6918968e+00
   3.8480846e-01  -6.9410100e-01
   1.0114879e+00  -3.8640641e+00
  -5.7053218e+00  -4.8905017e-01
   1.8495024e+00   3.6716188e+00
  -2.6108371e+00   2.9544027e+00
   3.5457664e+00  -1.0452646e+00
  -2.0461131e-01  -3.9060093e-01
   6.1917237e+00   2.7836794e+00
   2.5266720e-01   6.8940689e-01
  -1.8984834e-01  -5.6180882e-01
  -4.3478704e-01   1.7597402e-01
  -6.2445117e-01  -1.4559787e+00
   1.6671134e-01   4.2048866e-01
   2.0867184e+00   3.3184673e+00
  -2.6139085e+00   6.8309627e-02
   1.5498540e+00  -3.8909637e-01
  -1.6538432e+00  -3.5756829e-01
  -2.3310249e-01  -5.8564516e-01
   8.8330925e-01   5.2017969e-01
  -2.8930655e+00   5.2972959e+00
   2.6310215e-01   4.9534681e+00
  -2.2443873e-01   1.4266637e+00
  -3.7910206e-01  -4.6263681e+00
  -5.0167101e-01   3.8113933e-01
  -8.4192484e-01   1.2638959e+00
  -1.2668875e-01   7.5834294e-02
  -2.4129889e-01   4.2636121e-01
   4.1182196e-01  -5.9339797e-02
  -8.3689533e+00  -3.4532246e+00
   2.3138067e-01   1.4687810e-01
   2.9852084e-01  -1.3701162e-01
   7.8706417e-01  -2.2288649e-01
   5.1951793e-01  -3.4597449e-01
   3.1923539e+00   4.0383256e+00
   3.5595501e+00   2.0980813e+00
   4.7217819e+00   1.1303506e+00
  -4.9558920e+00  -4.9829888e-01
  -4.3439367e-01  -1.8041456e-02
  -1.5172250e-01   1.2505810e-01
  -5.2007957e-01   3.3008724e-01
  -2.3246878e+00  -2.1805480e+00
   1.9365295e-01  -4.1321273e-01
  -9.5758748e-02   1.7313625e-01
  -3.6339756e-01  -4.3702276e-01
   5.2945528e+00   2.8861445e+00
   7.9397529e-01  -2.9035658e-01
  -3.0552751e+00  -6.0879945e+00
   2.9482735e+00   3.8264614e-02
   4.2947094e+00   5.8290666e+00
   8.2305862e-01   6.0378770e-01
  -2.5738906e+00   1.1713030e+00
   3.5993306e-01  -1.2495332e-01
  -4.2357066e-01  -5.4886752e-02
  -2.0437155e-01  -4.3909309e-01
   1.5337617e-01   1.8519578e-01
   3.9154692e+00   8.4912204e-01
  -3.2894552e+00  -6.1917460e-01
  -3.9596276e+00  -3.1677850e+00
   6.4797224e-01   2.3430499e-02
  -6.9651833e-01  -4.4428251e+00
  -4.2511346e-01  -2.6637168e-01
  -5.5222217e+00  -2.4982223e+00
   3.3760828e-01  -1.1370885e-01
   4.4186586e-01  -4.9099655e-01
   1.8897884e-01  -2.1537581e-01
  -1.0226856e+00  -2.7788372e-01
  -6.7674130e+00  -5.2146199e+00
  -3.1985276e+00  -1.0086033e+00
  -1.4968645e-01   2.3239834e-01
  -1.1815118e+00   2.1489450e+00
   2.2553089e-01   5.6326257e-01
  -9.9451086e-01  -3.3851396e+00
   2.0798724e-01   1.0206720e+00
  -3.6018303e+00   6.9490684e-01
  -1.6622930e-01   1.6226639e-01
   2.6983753e+00  -1.3184712e+00
   1.2472574e+00   6.7952114e+00
   3.5193643e+00   1.1692860e+00
  -5.4122852e-01  -6.4343377e+00
   7.9152631e-01  -2.0664358e+00
  -3.4333307e-01   2.0135097e-01
  -5.9202475e-01  -3.0267994e+00
   5.3020065e-01   5.6446243e-01
   1.5524784e-02  -5.6722804e-01
   1.1884092e+00  -7.7675424e-01
   6.5263743e-01  -3.8058756e-01
  -5.0854234e+00  -2.4014375e+00
   1.7964063e+00   1.5278370e+00
  -4.7333391e-01   1.2408224e+00
   6.6751654e+00   3.2944492e+00
   3.4138541e+00   4.0142926e+00
  -1.4229901e-01  -2.9940530e-01
   9.6091305e-02  -4.8024738e-02
   2.9933933e-01  -6.1915526e-02
   2.0010028e-01   2.0611948e-01
   2.5865985e+00   1.4024629e+00
   4.8326104e-01  -4.8701330e-01
  -1.5131689e+00  -6.1951062e+00
  -1.2882729e-01   3.8774479e-01
   3.3729742e-01  -4.4723673e-01
   2.9431005e-01   7.1287946e-01
   2.5489330e-01   6.8852250e-01
  -1.2192609e-01   4.9150320e-02
   4.2100696e-02  -2.3659134e-01
   7.4200987e-01  -2.2544056e+00
   4.5696406e-01  -9.8203400e-02
   1.3450354e+00   5.5640725e-01
   5.8538838e-01   5.0316872e-02
   3.6960653e+00   3.5972720e+00
  -3.6063392e-01   1.2269423e-01
  -2.5349782e+00   2.9367783e+00
   1.6635922e+00   2.0301824e+00
   3.4854162e-02   8.8253545e-01
   8.1509229e-01  -2.2945648e+00
   3.3134006e-02  -1.8285674e-01
  -2.4367481e+00  -2.9767573e+00
  -2.5340425e-01  -1.0622738e+00
  -3.9232644e-01   5.5341990e-02
   2.2347303e+00  -7.0293406e-01
   2.2938167e-01  -6.7362952e-01
  -7.7557753e-01  -4.0996108e-01
   2.5471564e+00   8.0994511e-01
   1.9320004e-01  -1.2036760e-02
   5.3240719e-02  -1.0584782e-01
   4.4083166e+00   3.7848110e+00
   2.4216710e+00   4.2066950e+00
   5.3995144e-02   1.8030953e+00
  -6.8997225e-01  -5.6026111e-01
   4.3471834e-01   4.2148482e-01
  -5.2640199e-02   8.1714447e-01
   9.1165677e+00   5.6342012e+00
   7.0490247e-02   8.0511095e-02
   2.5562042e-01  -1.2640410e-01
  -3.7408473e+00  -8.9493134e+00
  -5.8762847e-01  -2.8316665e-01
   2.3690109e+00   5.4178679e+00
   5.6384992e-01   2.8461168e-01
  -3.4135847e+00  -8.4489988e-01
   3.4888639e+00   5.0802153e+00
   1.1059527e-01   2.1272223e-01
   3.3308740e-01   5.0494736e-01
   1.2884674e+00   4.4474833e-01
   6.2618028e-01   4.2091757e-01
   5.0216417e+00   5.5209349e+00
  -1.3496332e+00   2.1476026e+00
  -2.8259661e-01  -8.4142897e-01
   6.8886114e-01  -2.5988802e+00
   5.9248491e-01   3.4538170e-01
   2.3993028e+00   3.8410123e-01
  -5.4223061e-01  -2.6259291e+00
   1.2625049e-01  -2.8154420e-01
  -7.5992994e-01  -3.9007972e-01
  -1.6253647e-01   2.5441418e-01
  -2.7515185e+00   7.9952176e-01
   3.9476429e-01  -4.6068925e-01
  -7.1419015e+00   3.8480980e-01
   2.5577569e-01  -5.6858950e-01
  -1.7276595e+00   2.0009379e+00
  -1.4912042e+00  -1.6797337e-01
  -1.2039991e+00   1.4216717e+00
   3.0981973e-01  -2.8579679e+00
   2.4424935e-01   5.5837441e-01
   3.4250095e-01  -1.1851774e+00
   2.1263456e+00   4.0108538e+00
  -1.0322088e+00  -9.4860132e-01
  -3.4688636e+00   4.8248863e-01
  -1.9900907e+00  -8.2182809e-01
  -3.5490264e+00  -4.1414321e+00
  -1.1430500e+00   1.7300528e+00
  -7.6001904e-01   1.4279087e+00
  -1.4508861e+00  -3.4412053e+00
   4.2726576e+00   3.8835018e+00
  -7.2902213e-01  -2.0264678e+00
   5.0003896e-01  -4.5323432e+00
  -8.6649226e-01   2.1900278e-01
  -2.4169628e-01   1.0395783e+00
   3.0670275e-01   5.3170137e-01
  -1.0579936e-01  -4.2828394e-01
  -1.4602992e-01   2.1700646e-02
   5.8124452e-02   8.3309704e-02
   2.8145669e-01   3.9247254e-01
  -3.7995302e-01  -5.1264564e-01
  -4.0417193e+00  -8.9641012e-01
   1.2903271e-01  -1.2432988e-01
   4.2316260e-02  -2.0833614e-01
  -9.5680306e-01  -9.5892374e-01
  -1.0825679e-01   5.4649272e-01
  -6.7269191e+00  -1.5659215e+00
  -5.7324893e-01   8.1648726e-01
   3.5937410e-01   1.2048047e-01
  -4.9172609e-01   2.7907059e-02
   6.9899282e+00   1.4162956e+00
   2.3213768e-01  -7.5719174e-01
   5.8298131e-01   2.2023438e-01
  -4.3508862e-01  -2.5374848e+00
   3.5729286e-01   1.6601468e+00
  -8.5449105e-02  -5.6625490e-01
   4.2614044e-01  -1.8799284e-01
   8.6789428e-02  -8.0965761e-02
   1.1938568e+00  -2.5882235e+00
  -3.2864093e-01   2.2011239e-01
   3.7165651e-01  -7.6258169e-02
   1.2030983e+00   8.4326476e-04
   3.9100687e-01   2.3072187e-01
   3.7459483e+00  -1.3185870e-02
  -1.7607317e+00  -1.1954720e+00
   2.6246817e+00  -1.6514165e+00
   1.3231129e+00  -1.9225685e-01
   3.4748720e-01   4.6243967e-01
   1.0080301e-01  -3.4554900e-01
  -5.8925365e-01  -7.3451022e-01
   2.3230122e-01   9.4574573e-02
  -1.5114825e+00  -3.6512029e+00
   1.2979427e+00   2.0901125e+00
   5.4652115e+00  -1.6125733e-01
   8.9799946e-01  -3.7611306e-01
  -1.4147951e-01   5.7307038e-02
   2.3194210e+00   5.5500690e+00
  -3.5204741e-01  -2.4388200e-01
   5.7109501e-01  -5.1955656e-02
  -2.9342151e-01  -5.8683963e-01
   5.0913538e-02  -3.0966596e-01
  -4.6573981e-01  -3.0902118e+00
  -1.5267308e-01   9.5853186e-01
  -5.4620733e-01   8.4539697e-03
   1.0338838e-01   5.5135379e-01
   1.9803785e-01  -4.4540588e-01
  -4.1470664e-01  -6.9705883e-01
  -5.5279029e-01   2.6372793e-01
   2.9753790e-01  -3.3327054e-01
   6.2913663e-02   4.5938109e-01
  -4.5140576e+00   2.5146505e-01
  -2.5184678e+00  -7.3868961e-01
   6.6520458e-01   9.0524942e-03
   5.1615219e-01   2.6579753e-01
  -3.5193219e-01  -1.2527952e+00
   3.7482829e+00   8.9959541e-02
   3.9418260e+00   2.7704326e+00
   3.4454020e-02  -1.3871148e-01
   3.7003171e-01   8.0335184e-01
   6.9186968e-01  -3.4816763e-01
   3.7182765e+00   3.3161290e+00
  -7.0604652e-01   4.0238950e-01
   1.0138854e+00   9.2162353e-01
   2.0338920e+00   1.6942177e+00
   3.0055867e+00  -4.7229080e+00
   2.2670433e+00   2.5187184e+00
  -3.8786797e-01   5.9525420e-01
   6.6420258e-02  -5.4824213e-01
  -5.1085357e+00  -7.4109836e+00
  -6.4737613e-01  -6.0389171e-01
   4.0042116e-02   9.5213198e-01
   1.0908477e+00   5.9209012e+00
   3.8719151e-01  -2.1367210e-01
  -3.4198769e-01   1.3206311e-02
   4.7785030e-02   2.3146236e-01
   5.0642711e+00   1.2209270e+00
   3.5834931e+00   3.0512108e+00
  -6.6420165e-01   4.1671046e-01
  -5.2025632e+00  -5.6215819e+00
   6.0972898e-01   2.8636616e-01
   2.2165516e-01   1.5527895e+00
  -4.4256176e-01  -2.2411774e-01
  -3.0819677e-01   2.4439571e-01
   1.0302668e+00   1.3575009e+00
   1.7072154e-01  -4.4895051e-01
   4.4804371e-01   3.1603655e-01
   4.6554447e+00   1.2066542e+00
  -2.1641546e+00  -1.8419559e+00
   5.8663803e-02   2.2969461e-02
  -1.9611534e-01  -1.1350781e+00
  -2.8207738e+00  -3.3288536e+00
   2.4927444e+00   2.0237029e+00
  -2.3087190e+00  -2.7854418e+00
   1.3832788e+00  -2.4134033e+00
  -4.6033852e-01   3.8633392e-01
   5.5687587e-01   1.5421657e-01
  -7.7612458e+00  -7.7334990e+00
   1.5018255e-01  -2.4971999e-01
   4.7853272e-01  -4.2258145e-01
   6.5176387e-03  -5.0264343e-01
   2.7334085e-01  -4.6415717e-01
   2.3196461e+00   8.3748908e-01
   1.6464961e-01  -2.7827810e-01
  -2.1959340e-01  -1.4699026e-01
  -2.4903021e-01  -1.0431355e-01
  -6.0421655e-01  -3.6708318e+00
  -3.9078111e-01  -1.5984627e-01
   4.1890668e-01  -6.1739379e-01
   4.0420534e-01  -2.3446103e+00
  -1.1854998e+00  -7.6721868e-01
  -5.8663555e-01   5.5173087e-01
  -2.2760767e+00   1.0502455e+00
  -3.8241139e-01   6.3446283e-01
   8.5959931e+00   3.5967643e+00
  -4.4724014e+00  -3.9019496e+00
  -2.0024154e-01  -1.1456084e-01
  -1.3927562e+00  -7.2244964e-01
   3.7407283e-01  -1.7758084e+00
   3.4814667e-01  -3.6279843e-01
   9.6466768e-01  -3.1578206e+00
   6.4935974e+00   7.4264103e+00
   4.2068616e+00  -3.7496425e+00
  -1.0366184e+00  -4.8871860e+00
   9.6852990e-02  -7.5427411e-01
   3.8726906e+00  -3.5614339e-01
  -2.4943114e-01  -3.6710977e-01
   4.4661302e-01   1.4352934e-01
  -1.9024704e-01  -4.4142696e-01
  -3.1143937e-02  -1.6367874e-01
   8.3328689e-02   2.0478341e-01
   1.0961468e-01   4.3173761e-02
  -4.8846375e+00  -8.3941027e+00
   1.0755697e-01  -1.0124742e-01
   1.4703747e-01   4.2887293e-02
   8.5520474e-01  -2.6241731e+00
  -2.6775295e-01  -6.4165345e-01
  -9.5460335e-01   1.5786543e+00
   4.7647959e+00   3.6582202e+00
   2.8164309e+00   2.4959857e+00
  -1.0880512e-01   2.4878474e+00
  -4.0052959e-02   5.9509118e-01
   3.5186462e+00   1.5077399e+00
